9.999228739071965855e-01
9.989393326838248433e-01
9.964703431731749550e-01
9.923218339955562906e-01
9.864649343573030915e-01
9.789853389291447439e-01
9.700546488996590888e-01
9.599087573838078757e-01
9.488295063488159098e-01
9.371283933216909556e-01
9.251319230223112866e-01
9.131685006740417609e-01
9.015568760256086334e-01
8.905961798886001812e-01
8.805575916213597143e-01
8.716776558024021959e-01
8.641532388387671570e-01
8.581380865130006086e-01
8.537409143649044019e-01
8.510249360378501216e-01
8.500087113218949275e-01
8.506681761985486201e-01
8.529397020487980985e-01
8.567240204349546584e-01
8.618908434616547876e-01
8.682840074962989707e-01
8.757269697257596963e-01
8.840284923134870132e-01
8.929883574136884272e-01
9.024029675721226829e-01
9.120706996454593929e-01
9.217968958388237377e-01
9.313983923271854648e-01
9.407075037311596333e-01
9.495754000180739451e-01
9.578748307749941349e-01
9.655021698620557258e-01
9.723787708475871705e-01
9.784516400364167144e-01
9.836934490574382739e-01
9.881019226487531837e-01
9.916986492871316949e-01
9.945273725177472546e-01
9.966518291599336665e-01
9.981532069486273029e-01
9.991272986141707113e-01
9.996814319389322190e-01
9.999312560267255012e-01
9.999974629808582316e-01
