9.999265167500811513e-01
9.989889327519235751e-01
9.966328556650699833e-01
9.926682239848156897e-01
9.870604611816725660e-01
9.798828545506287346e-01
9.712899135104128279e-01
9.614974406534605444e-01
9.507656870208713862e-01
9.393843997983614136e-01
9.276593548230614994e-01
9.159002593567721062e-01
9.044100230290240683e-01
8.934754312393893283e-01
8.833592568713435345e-01
8.742938312513105492e-01
8.664760728774277831e-01
8.600639473207968289e-01
8.551743065771453267e-01
8.518820326293914391e-01
8.502203890508408524e-01
8.501824667229478383e-01
8.517235954888722205e-01
8.547645829583292443e-01
8.591956347272478034e-01
8.648808068788359504e-01
8.716628416095804077e-01
8.793682399285671636e-01
8.878124313154385217e-01
8.968049086582307039e-01
9.061542073682188336e-01
9.156726199099036734e-01
9.251805507088807223e-01
9.345104311285958865e-01
9.435101295679167999e-01
9.520458073694171297e-01
9.600041868087078045e-01
9.672942126492360959e-01
9.738481033154671174e-01
9.796218014136899299e-01
9.845948459020568144e-01
9.887696995042640769e-01
9.921705748357388943e-01
9.948418110652486046e-01
9.968458597024741907e-01
9.982609432518998460e-01
9.991784540069071907e-01
9.997001622072378968e-01
9.999353032079937309e-01
9.999976122939209233e-01
